2.090490867366926
2.269359449301962
1.3350547514478457
1.3750547535848372
1.5159427068079752
1.2472305173928215
1.6775279109514958
1.4481705564406313
1.3994338398562054
1.1617489874227245
1.478458187187329
1.5458147199124739
1.2392745299487022
1.3189567805377769
1.2270304193592618
1.1866759958331772
1.1460786057519903
1.318541983791972
1.1263062970739026
1.0998910397294765
1.0001247867162923
1.0005245696298342
1.0001103811501562
1.000140852858437
1.0002835228559215
1.0001063185052883
1.0004815831477227
1.0003504606889917
1.000332883015383
1.000102250104201
1.0005332966992107
1.0006013487272027
1.0002513746233226
1.000534756744254
1.0003033279235676
1.0002780363572177
1.00013734349593
1.0005357534831567
1.000175192730082
1.0001186732756224
